2 1 2 0 8762 0 0 0 1 0 0 0 0 0 3 1 2 0 8812 0 0 0 1 0 0 0 0 0 4 1 2 0 9200 0 0 0 1 0 0 0 0 0 5 1 2 0 9212 0 0 0 1 0 0 0 0 0 6 1 2 0 9324 0 0 0 1 0 0 0 0 0 7 1 2 0 9203 0 0 0 1 0 0 0 0 0 8 1 2 0 9255 0 0 0 1 0 0 0 0 0 9 1 2 0 9103 0 0 0 1 0 0 0 0 0 10 1 2 0 34031 0 0 0 1 0 0 0 0 0 11 1 2 0 6204 0 0 0 1 0 0 0 0 0 
2 1 2 0 8816 0 0 0 1 0 0 0 0 0 3 1 2 0 9201 0 0 0 1 0 0 0 0 0 4 1 2 0 8907 0 0 0 1 0 0 0 0 0 5 1 2 0 9345 0 0 0 1 0 0 0 0 0 6 1 2 0 9150 0 0 0 1 0 0 0 0 0 7 1 2 0 9350 0 0 0 1 0 0 0 0 0 8 1 2 0 9114 0 0 0 1 0 0 0 0 0 9 1 2 0 9248 0 0 0 1 0 0 0 0 0 10 1 2 0 34154 0 0 0 1 0 0 0 0 0 11 1 2 0 6253 0 0 0 1 0 0 0 0 0 
2 1 2 0 18184 0 0 0 1 0 0 0 0 0 3 1 2 0 18078 0 0 0 1 0 0 0 0 0 4 1 2 0 18054 0 0 0 1 0 0 0 0 0 5 1 2 0 18093 0 0 0 1 0 0 0 0 0 6 1 2 0 18478 0 0 0 1 0 0 0 0 0 7 1 2 0 18452 0 0 0 1 0 0 0 0 0 8 1 2 0 18489 0 0 0 1 0 0 0 0 0 9 1 2 0 18334 0 0 0 1 0 0 0 0 0 10 1 2 0 67804 0 0 0 1 0 0 0 0 0 11 1 2 0 12711 0 0 0 1 0 0 0 0 0 
2 1 2 0 18144 0 0 0 1 0 0 0 0 0 3 1 2 0 18008 0 0 0 1 0 0 0 0 0 4 1 2 0 18503 0 0 0 1 0 0 0 0 0 5 1 2 0 18099 0 0 0 1 0 0 0 0 0 6 1 2 0 18033 0 0 0 1 0 0 0 0 0 7 1 2 0 18449 0 0 0 1 0 0 0 0 0 8 1 2 0 18388 0 0 0 1 0 0 0 0 0 9 1 2 0 18591 0 0 0 1 0 0 0 0 0 10 1 2 0 68124 0 0 0 1 0 0 0 0 0 11 1 2 0 12658 0 0 0 1 0 0 0 0 0 
2 1 2 4 27004 0 0 0 1 0 0 0 0 0 3 1 2 4 27000 0 0 0 1 0 0 0 0 0 4 1 2 4 27444 0 0 0 1 0 0 0 0 0 5 1 2 4 26867 0 0 0 1 0 0 0 0 0 6 1 2 4 27118 0 0 0 1 0 0 0 0 0 7 1 2 4 26922 0 0 0 1 0 0 0 0 0 8 1 2 4 27736 0 0 0 1 0 0 0 0 0 9 1 2 4 27647 0 0 0 1 0 0 0 0 0 10 1 2 4 101864 0 0 0 1 0 0 0 0 0 11 1 2 4 19297 0 0 0 1 0 0 0 0 0 
2 1 2 4 27276 0 0 0 1 0 0 0 0 0 3 1 2 4 27286 0 0 0 1 0 0 0 0 0 4 1 2 4 27417 0 0 0 1 0 0 0 0 0 5 1 2 4 27970 0 0 0 1 0 0 0 0 0 6 1 2 4 27190 0 0 0 1 0 0 0 0 0 7 1 2 4 27199 0 0 0 1 0 0 0 0 0 8 1 2 4 27052 0 0 0 1 0 0 0 0 0 9 1 2 4 27239 0 0 0 1 0 0 0 0 0 10 1 2 4 102136 0 0 0 1 0 0 0 0 0 11 1 2 4 19014 0 0 0 1 0 0 0 0 0 
2 1 2 4 36340 0 0 0 1 0 0 0 0 0 3 1 2 4 36611 0 0 0 1 0 0 0 0 0 4 1 2 4 36547 0 0 0 1 0 0 0 0 0 5 1 2 4 36635 0 0 0 1 0 0 0 0 0 6 1 2 4 36765 0 0 0 1 0 0 0 0 0 7 1 2 4 36379 0 0 0 1 0 0 0 0 0 8 1 2 4 36487 0 0 0 1 0 0 0 0 0 9 1 2 4 36221 0 0 0 1 0 0 0 0 0 10 1 2 4 135423 0 0 0 1 0 0 0 0 0 11 1 2 4 25456 0 0 0 1 0 0 0 0 0 
2 1 2 0 62695 0 0 0 1 0 0 0 0 0 3 1 2 0 64361 0 0 0 1 0 0 0 0 0 4 1 2 0 64220 0 0 0 1 0 0 0 0 0 5 1 2 0 63991 0 0 0 1 0 0 0 0 0 6 1 2 0 64520 0 0 0 1 0 0 0 0 0 7 1 2 0 63754 0 0 0 1 0 0 0 0 0 8 1 2 0 64085 0 0 0 1 0 0 0 0 0 9 1 2 0 63872 0 0 0 1 0 0 0 0 0 10 1 2 0 235401 0 0 0 1 0 0 0 0 0 11 1 2 0 44836 0 0 0 1 0 0 0 0 0 
2 1 2 0 64704 0 0 0 1 0 0 0 0 0 3 1 2 0 62657 0 0 0 1 0 0 0 0 0 4 1 2 0 64468 0 0 0 1 0 0 0 0 0 5 1 2 0 63456 0 0 0 1 0 0 0 0 0 6 1 2 0 63780 0 0 0 1 0 0 0 0 0 7 1 2 0 64306 0 0 0 1 0 0 0 0 0 8 1 2 0 64049 0 0 0 1 0 0 0 0 0 9 1 2 0 63966 0 0 0 1 0 0 0 0 0 10 1 2 0 235330 0 0 0 1 0 0 0 0 0 11 1 2 0 44540 0 0 0 1 0 0 0 0 0 
2 1 2 0 55770 0 0 0 1 0 0 0 0 0 3 1 2 0 55296 0 0 0 1 0 0 0 0 0 4 1 2 0 53151 0 0 0 1 0 0 0 0 0 5 1 2 0 55073 0 0 0 1 0 0 0 0 0 6 1 2 0 54548 0 0 0 1 0 0 0 0 0 7 1 2 0 55133 0 0 0 1 0 0 0 0 0 8 1 2 0 55072 0 0 0 1 0 0 0 0 0 9 1 2 0 55236 0 0 0 1 0 0 0 0 0 10 1 2 0 202601 0 0 0 1 0 0 0 0 0 11 1 2 0 38189 0 0 0 1 0 0 0 0 0 
2 1 2 0 55010 0 0 0 1 0 0 0 0 0 3 1 2 0 55727 0 0 0 1 0 0 0 0 0 4 1 2 0 55305 0 0 0 1 0 0 0 0 0 5 1 2 0 53151 0 0 0 1 0 0 0 0 0 6 1 2 0 54790 0 0 0 1 0 0 0 0 0 7 1 2 0 54819 0 0 0 1 0 0 0 0 0 8 1 2 0 54498 0 0 0 1 0 0 0 0 0 9 1 2 0 54930 0 0 0 1 0 0 0 0 0 10 1 2 0 202183 0 0 0 1 0 0 0 0 0 11 1 2 0 37708 0 0 0 1 0 0 0 0 0 
2 1 2 0 45801 0 0 0 1 0 0 0 0 0 3 1 2 0 46306 0 0 0 1 0 0 0 0 0 4 1 2 0 45998 0 0 0 1 0 0 0 0 0 5 1 2 0 45948 0 0 0 1 0 0 0 0 0 6 1 2 0 44481 0 0 0 1 0 0 0 0 0 7 1 2 0 45565 0 0 0 1 0 0 0 0 0 8 1 2 0 45612 0 0 0 1 0 0 0 0 0 9 1 2 0 45420 0 0 0 1 0 0 0 0 0 10 1 2 0 167666 0 0 0 1 0 0 0 0 0 11 1 2 0 31499 0 0 0 1 0 0 0 0 0 
2 1 2 0 46136 0 0 0 1 0 0 0 0 0 3 1 2 0 46062 0 0 0 1 0 0 0 0 0 4 1 2 0 45845 0 0 0 1 0 0 0 0 0 5 1 2 0 45935 0 0 0 1 0 0 0 0 0 6 1 2 0 45891 0 0 0 1 0 0 0 0 0 7 1 2 0 44545 0 0 0 1 0 0 0 0 0 8 1 2 0 45564 0 0 0 1 0 0 0 0 0 9 1 2 0 45747 0 0 0 1 0 0 0 0 0 10 1 2 0 167386 0 0 0 1 0 0 0 0 0 11 1 2 0 31677 0 0 0 1 0 0 0 0 0 
2 1 2 0 36582 0 0 0 1 0 0 0 0 0 3 1 2 0 36959 0 0 0 1 0 0 0 0 0 4 1 2 0 36411 0 0 0 1 0 0 0 0 0 5 1 2 0 36818 0 0 0 1 0 0 0 0 0 6 1 2 0 36812 0 0 0 1 0 0 0 0 0 7 1 2 0 36460 0 0 0 1 0 0 0 0 0 8 1 2 0 35118 0 0 0 1 0 0 0 0 0 9 1 2 0 36929 0 0 0 1 0 0 0 0 0 10 1 2 0 134074 0 0 0 1 0 0 0 0 0 11 1 2 0 25451 0 0 0 1 0 0 0 0 0 
2 1 2 0 36867 0 0 0 1 0 0 0 0 0 3 1 2 0 36971 0 0 0 1 0 0 0 0 0 4 1 2 0 36621 0 0 0 1 0 0 0 0 0 5 1 2 0 36472 0 0 0 1 0 0 0 0 0 6 1 2 0 36831 0 0 0 1 0 0 0 0 0 7 1 2 0 36842 0 0 0 1 0 0 0 0 0 8 1 2 0 36845 0 0 0 1 0 0 0 0 0 9 1 2 0 35212 0 0 0 1 0 0 0 0 0 10 1 2 0 133984 0 0 0 1 0 0 0 0 0 11 1 2 0 25405 0 0 0 1 0 0 0 0 0 
2 1 2 0 55419 0 0 0 1 0 0 0 0 0 3 1 2 0 55508 0 0 0 1 0 0 0 0 0 4 1 2 0 54868 0 0 0 1 0 0 0 0 0 5 1 2 0 54952 0 0 0 1 0 0 0 0 0 6 1 2 0 55083 0 0 0 1 0 0 0 0 0 7 1 2 0 55246 0 0 0 1 0 0 0 0 0 8 1 2 0 55156 0 0 0 1 0 0 0 0 0 9 1 2 0 54389 0 0 0 1 0 0 0 0 0 10 1 2 0 198146 0 0 0 1 0 0 0 0 0 11 1 2 0 38380 0 0 0 1 0 0 0 0 0 
2 1 2 0 0 0 0 0 1 0 0 0 0 0 3 1 2 0 0 0 0 0 1 0 0 0 0 0 4 1 2 0 0 0 0 0 1 0 0 0 0 0 5 1 2 0 0 0 0 0 1 0 0 0 0 0 6 1 2 0 0 0 0 0 1 0 0 0 0 0 7 1 2 0 0 0 0 0 1 0 0 0 0 0 8 1 2 0 0 0 0 0 1 0 0 0 0 0 9 1 2 0 0 0 0 0 1 0 0 0 0 0 10 1 2 0 0 0 0 0 1 0 0 0 0 0 11 1 2 0 0 0 0 0 1 0 0 0 0 0 
2 1 2 3 4327 0 0 0 1 0 0 0 0 0 3 1 2 3 4497 0 0 0 1 0 0 0 0 0 4 1 2 3 4285 0 0 0 1 0 0 0 0 0 5 1 2 3 4500 0 0 0 1 0 0 0 0 0 6 1 2 3 4356 0 0 0 1 0 0 0 0 0 7 1 2 3 4234 0 0 0 1 0 0 0 0 0 8 1 2 3 4452 0 0 0 1 0 0 0 0 0 9 1 2 3 4481 0 0 0 1 0 0 0 0 0 10 1 2 3 16415 0 0 0 1 0 0 0 0 0 11 1 2 3 2721 0 0 0 1 0 0 0 0 0 
2 1 2 3 8743 0 0 0 1 0 0 0 0 0 3 1 2 3 9143 0 0 0 1 0 0 0 0 0 4 1 2 3 9157 0 0 0 1 0 0 0 0 0 5 1 2 3 9230 0 0 0 1 0 0 0 0 0 6 1 2 3 9225 0 0 0 1 0 0 0 0 0 7 1 2 3 9250 0 0 0 1 0 0 0 0 0 8 1 2 3 9202 0 0 0 1 0 0 0 0 0 9 1 2 3 9216 0 0 0 1 0 0 0 0 0 10 1 2 3 34163 0 0 0 1 0 0 0 0 0 11 1 2 3 6112 0 0 0 1 0 0 0 0 0 
2 1 2 3 9159 0 0 0 1 0 0 0 0 0 3 1 2 3 8915 0 0 0 1 0 0 0 0 0 4 1 2 3 9229 0 0 0 1 0 0 0 0 0 5 1 2 3 9179 0 0 0 1 0 0 0 0 0 6 1 2 3 9070 0 0 0 1 0 0 0 0 0 7 1 2 3 9247 0 0 0 1 0 0 0 0 0 8 1 2 3 9267 0 0 0 1 0 0 0 0 0 9 1 2 3 9305 0 0 0 1 0 0 0 0 0 10 1 2 3 34055 0 0 0 1 0 0 0 0 0 11 1 2 3 6023 0 0 0 1 0 0 0 0 0 
2 1 2 3 9118 0 0 0 1 0 0 0 0 0 3 1 2 3 9442 0 0 0 1 0 0 0 0 0 4 1 2 3 8639 0 0 0 1 0 0 0 0 0 5 1 2 3 9210 0 0 0 1 0 0 0 0 0 6 1 2 3 9157 0 0 0 1 0 0 0 0 0 7 1 2 3 9268 0 0 0 1 0 0 0 0 0 8 1 2 3 9337 0 0 0 1 0 0 0 0 0 9 1 2 3 9148 0 0 0 1 0 0 0 0 0 10 1 2 3 33671 0 0 0 1 0 0 0 0 0 11 1 2 3 6073 0 0 0 1 0 0 0 0 0 
2 1 2 3 9134 0 0 0 1 0 0 0 0 0 3 1 2 3 9212 0 0 0 1 0 0 0 0 0 4 1 2 3 9219 0 0 0 1 0 0 0 0 0 5 1 2 3 8754 0 0 0 1 0 0 0 0 0 6 1 2 3 9190 0 0 0 1 0 0 0 0 0 7 1 2 3 9184 0 0 0 1 0 0 0 0 0 8 1 2 3 9241 0 0 0 1 0 0 0 0 0 9 1 2 3 9296 0 0 0 1 0 0 0 0 0 10 1 2 3 34169 0 0 0 1 0 0 0 0 0 11 1 2 3 6129 0 0 0 1 0 0 0 0 0 
2 1 2 3 9271 0 0 0 1 0 0 0 0 0 3 1 2 3 9346 0 0 0 1 0 0 0 0 0 4 1 2 3 9272 0 0 0 1 0 0 0 0 0 5 1 2 3 9086 0 0 0 1 0 0 0 0 0 6 1 2 3 8801 0 0 0 1 0 0 0 0 0 7 1 2 3 9052 0 0 0 1 0 0 0 0 0 8 1 2 3 9196 0 0 0 1 0 0 0 0 0 9 1 2 3 9258 0 0 0 1 0 0 0 0 0 10 1 2 3 34138 0 0 0 1 0 0 0 0 0 11 1 2 3 6097 0 0 0 1 0 0 0 0 0 
2 1 2 3 9195 0 0 0 1 0 0 0 0 0 3 1 2 3 9200 0 0 0 1 0 0 0 0 0 4 1 2 3 9194 0 0 0 1 0 0 0 0 0 5 1 2 3 9196 0 0 0 1 0 0 0 0 0 6 1 2 3 9140 0 0 0 1 0 0 0 0 0 7 1 2 3 8662 0 0 0 1 0 0 0 0 0 8 1 2 3 9072 0 0 0 1 0 0 0 0 0 9 1 2 3 9027 0 0 0 1 0 0 0 0 0 10 1 2 3 34199 0 0 0 1 0 0 0 0 0 11 1 2 3 6088 0 0 0 1 0 0 0 0 0 
2 1 2 3 9232 0 0 0 1 0 0 0 0 0 3 1 2 3 9249 0 0 0 1 0 0 0 0 0 4 1 2 3 9252 0 0 0 1 0 0 0 0 0 5 1 2 3 9180 0 0 0 1 0 0 0 0 0 6 1 2 3 9216 0 0 0 1 0 0 0 0 0 7 1 2 3 9317 0 0 0 1 0 0 0 0 0 8 1 2 3 8688 0 0 0 1 0 0 0 0 0 9 1 2 3 9230 0 0 0 1 0 0 0 0 0 10 1 2 3 33964 0 0 0 1 0 0 0 0 0 11 1 2 3 6220 0 0 0 1 0 0 0 0 0 
2 1 2 3 9260 0 0 0 1 0 0 0 0 0 3 1 2 3 9140 0 0 0 1 0 0 0 0 0 4 1 2 3 9414 0 0 0 1 0 0 0 0 0 5 1 2 3 9191 0 0 0 1 0 0 0 0 0 6 1 2 3 9200 0 0 0 1 0 0 0 0 0 7 1 2 3 9183 0 0 0 1 0 0 0 0 0 8 1 2 3 9159 0 0 0 1 0 0 0 0 0 9 1 2 3 8757 0 0 0 1 0 0 0 0 0 10 1 2 3 34160 0 0 0 1 0 0 0 0 0 11 1 2 3 6038 0 0 0 1 0 0 0 0 0 
2 1 2 3 0 0 0 0 1 0 0 0 0 0 3 1 2 3 0 0 0 0 1 0 0 0 0 0 4 1 2 3 0 0 0 0 1 0 0 0 0 0 5 1 2 3 0 0 0 0 1 0 0 0 0 0 6 1 2 3 0 0 0 0 1 0 0 0 0 0 7 1 2 3 0 0 0 0 1 0 0 0 0 0 8 1 2 3 0 0 0 0 1 0 0 0 0 0 9 1 2 3 0 0 0 0 1 0 0 0 0 0 10 1 2 3 0 0 0 0 1 0 0 0 0 0 11 1 2 3 0 0 0 0 1 0 0 0 0 0 
2 1 2 3 4142 0 0 0 1 0 0 0 0 0 3 1 2 3 4222 0 0 0 1 0 0 0 0 0 4 1 2 3 4404 0 0 0 1 0 0 0 0 0 5 1 2 3 4376 0 0 0 1 0 0 0 0 0 6 1 2 3 4349 0 0 0 1 0 0 0 0 0 7 1 2 3 4445 0 0 0 1 0 0 0 0 0 8 1 2 3 4354 0 0 0 1 0 0 0 0 0 9 1 2 3 4439 0 0 0 1 0 0 0 0 0 10 1 2 3 16342 0 0 0 1 0 0 0 0 0 11 1 2 3 2946 0 0 0 1 0 0 0 0 0 
2 1 2 3 4400 0 0 0 1 0 0 0 0 0 3 1 2 3 4086 0 0 0 1 0 0 0 0 0 4 1 2 3 4367 0 0 0 1 0 0 0 0 0 5 1 2 3 4403 0 0 0 1 0 0 0 0 0 6 1 2 3 4460 0 0 0 1 0 0 0 0 0 7 1 2 3 4420 0 0 0 1 0 0 0 0 0 8 1 2 3 4545 0 0 0 1 0 0 0 0 0 9 1 2 3 4386 0 0 0 1 0 0 0 0 0 10 1 2 3 16509 0 0 0 1 0 0 0 0 0 11 1 2 3 3068 0 0 0 1 0 0 0 0 0 
2 1 2 3 4484 0 0 0 1 0 0 0 0 0 3 1 2 3 4401 0 0 0 1 0 0 0 0 0 4 1 2 3 4011 0 0 0 1 0 0 0 0 0 5 1 2 3 4425 0 0 0 1 0 0 0 0 0 6 1 2 3 4354 0 0 0 1 0 0 0 0 0 7 1 2 3 4523 0 0 0 1 0 0 0 0 0 8 1 2 3 4367 0 0 0 1 0 0 0 0 0 9 1 2 3 4298 0 0 0 1 0 0 0 0 0 10 1 2 3 16295 0 0 0 1 0 0 0 0 0 11 1 2 3 3105 0 0 0 1 0 0 0 0 0 
2 1 2 3 4443 0 0 0 1 0 0 0 0 0 3 1 2 3 4390 0 0 0 1 0 0 0 0 0 4 1 2 3 4373 0 0 0 1 0 0 0 0 0 5 1 2 3 4104 0 0 0 1 0 0 0 0 0 6 1 2 3 4486 0 0 0 1 0 0 0 0 0 7 1 2 3 4561 0 0 0 1 0 0 0 0 0 8 1 2 3 4341 0 0 0 1 0 0 0 0 0 9 1 2 3 4351 0 0 0 1 0 0 0 0 0 10 1 2 3 16414 0 0 0 1 0 0 0 0 0 11 1 2 3 3126 0 0 0 1 0 0 0 0 0 
2 1 2 3 4483 0 0 0 1 0 0 0 0 0 3 1 2 3 4392 0 0 0 1 0 0 0 0 0 4 1 2 3 4325 0 0 0 1 0 0 0 0 0 5 1 2 3 4429 0 0 0 1 0 0 0 0 0 6 1 2 3 3968 0 0 0 1 0 0 0 0 0 7 1 2 3 4433 0 0 0 1 0 0 0 0 0 8 1 2 3 4373 0 0 0 1 0 0 0 0 0 9 1 2 3 4508 0 0 0 1 0 0 0 0 0 10 1 2 3 16263 0 0 0 1 0 0 0 0 0 11 1 2 3 3048 0 0 0 1 0 0 0 0 0 
2 1 2 3 4481 0 0 0 1 0 0 0 0 0 3 1 2 3 4294 0 0 0 1 0 0 0 0 0 4 1 2 3 4393 0 0 0 1 0 0 0 0 0 5 1 2 3 4365 0 0 0 1 0 0 0 0 0 6 1 2 3 4354 0 0 0 1 0 0 0 0 0 7 1 2 3 3941 0 0 0 1 0 0 0 0 0 8 1 2 3 4350 0 0 0 1 0 0 0 0 0 9 1 2 3 4463 0 0 0 1 0 0 0 0 0 10 1 2 3 16068 0 0 0 1 0 0 0 0 0 11 1 2 3 3026 0 0 0 1 0 0 0 0 0 
2 1 2 3 4490 0 0 0 1 0 0 0 0 0 3 1 2 3 4332 0 0 0 1 0 0 0 0 0 4 1 2 3 4415 0 0 0 1 0 0 0 0 0 5 1 2 3 4514 0 0 0 1 0 0 0 0 0 6 1 2 3 4428 0 0 0 1 0 0 0 0 0 7 1 2 3 4330 0 0 0 1 0 0 0 0 0 8 1 2 3 3978 0 0 0 1 0 0 0 0 0 9 1 2 3 4435 0 0 0 1 0 0 0 0 0 10 1 2 3 16270 0 0 0 1 0 0 0 0 0 11 1 2 3 3109 0 0 0 1 0 0 0 0 0 
2 1 2 3 4453 0 0 0 1 0 0 0 0 0 3 1 2 3 4433 0 0 0 1 0 0 0 0 0 4 1 2 3 4458 0 0 0 1 0 0 0 0 0 5 1 2 3 4408 0 0 0 1 0 0 0 0 0 6 1 2 3 4470 0 0 0 1 0 0 0 0 0 7 1 2 3 4362 0 0 0 1 0 0 0 0 0 8 1 2 3 4316 0 0 0 1 0 0 0 0 0 9 1 2 3 3963 0 0 0 1 0 0 0 0 0 10 1 2 3 16148 0 0 0 1 0 0 0 0 0 11 1 2 3 3011 0 0 0 1 0 0 0 0 0 
2 1 2 3 17469 0 0 0 1 0 0 0 0 0 3 1 2 3 17466 0 0 0 1 0 0 0 0 0 4 1 2 3 17704 0 0 0 1 0 0 0 0 0 5 1 2 3 17692 0 0 0 1 0 0 0 0 0 6 1 2 3 17444 0 0 0 1 0 0 0 0 0 7 1 2 3 17533 0 0 0 1 0 0 0 0 0 8 1 2 3 17582 0 0 0 1 0 0 0 0 0 9 1 2 3 17541 0 0 0 1 0 0 0 0 0 10 1 2 3 63568 0 0 0 1 0 0 0 0 0 11 1 2 3 12450 0 0 0 1 0 0 0 0 0 
2 1 2 0 324 0 0 0 1 0 0 0 0 0 3 1 2 0 358 0 0 0 1 0 0 0 0 0 4 1 2 0 379 0 0 0 1 0 0 0 0 0 5 1 2 0 405 0 0 0 1 0 0 0 0 0 6 1 2 0 402 0 0 0 1 0 0 0 0 0 7 1 2 0 381 0 0 0 1 0 0 0 0 0 8 1 2 0 385 0 0 0 1 0 0 0 0 0 9 1 2 0 387 0 0 0 1 0 0 0 0 0 10 1 2 0 1403 0 0 0 1 0 0 0 0 0 11 1 2 0 250 0 0 0 1 0 0 0 0 0 
2 1 2 0 1019 0 0 0 1 0 0 0 0 0 3 1 2 0 1080 0 0 0 1 0 0 0 0 0 4 1 2 0 1076 0 0 0 1 0 0 0 0 0 5 1 2 0 1100 0 0 0 1 0 0 0 0 0 6 1 2 0 1044 0 0 0 1 0 0 0 0 0 7 1 2 0 1090 0 0 0 1 0 0 0 0 0 8 1 2 0 1075 0 0 0 1 0 0 0 0 0 9 1 2 0 1090 0 0 0 1 0 0 0 0 0 10 1 2 0 4112 0 0 0 1 0 0 0 0 0 11 1 2 0 711 0 0 0 1 0 0 0 0 0 
2 1 2 0 2036 0 0 0 1 0 0 0 0 0 3 1 2 0 2166 0 0 0 1 0 0 0 0 0 4 1 2 0 2267 0 0 0 1 0 0 0 0 0 5 1 2 0 2183 0 0 0 1 0 0 0 0 0 6 1 2 0 2253 0 0 0 1 0 0 0 0 0 7 1 2 0 2248 0 0 0 1 0 0 0 0 0 8 1 2 0 2227 0 0 0 1 0 0 0 0 0 9 1 2 0 2143 0 0 0 1 0 0 0 0 0 10 1 2 0 8149 0 0 0 1 0 0 0 0 0 11 1 2 0 1488 0 0 0 1 0 0 0 0 0 
2 1 2 0 3543 0 0 0 1 0 0 0 0 0 3 1 2 0 3567 0 0 0 1 0 0 0 0 0 4 1 2 0 3546 0 0 0 1 0 0 0 0 0 5 1 2 0 3603 0 0 0 1 0 0 0 0 0 6 1 2 0 3685 0 0 0 1 0 0 0 0 0 7 1 2 0 3743 0 0 0 1 0 0 0 0 0 8 1 2 0 3803 0 0 0 1 0 0 0 0 0 9 1 2 0 3590 0 0 0 1 0 0 0 0 0 10 1 2 0 13742 0 0 0 1 0 0 0 0 0 11 1 2 0 2548 0 0 0 1 0 0 0 0 0 
2 1 2 0 5435 0 0 0 1 0 0 0 0 0 3 1 2 0 5467 0 0 0 1 0 0 0 0 0 4 1 2 0 5483 0 0 0 1 0 0 0 0 0 5 1 2 0 5527 0 0 0 1 0 0 0 0 0 6 1 2 0 5600 0 0 0 1 0 0 0 0 0 7 1 2 0 5732 0 0 0 1 0 0 0 0 0 8 1 2 0 5656 0 0 0 1 0 0 0 0 0 9 1 2 0 5618 0 0 0 1 0 0 0 0 0 10 1 2 0 20929 0 0 0 1 0 0 0 0 0 11 1 2 0 3911 0 0 0 1 0 0 0 0 0 
2 1 2 0 7767 0 0 0 1 0 0 0 0 0 3 1 2 0 7808 0 0 0 1 0 0 0 0 0 4 1 2 0 7886 0 0 0 1 0 0 0 0 0 5 1 2 0 7805 0 0 0 1 0 0 0 0 0 6 1 2 0 7899 0 0 0 1 0 0 0 0 0 7 1 2 0 8029 0 0 0 1 0 0 0 0 0 8 1 2 0 8034 0 0 0 1 0 0 0 0 0 9 1 2 0 7938 0 0 0 1 0 0 0 0 0 10 1 2 0 29537 0 0 0 1 0 0 0 0 0 11 1 2 0 5487 0 0 0 1 0 0 0 0 0 
2 1 2 0 23222 0 0 0 1 0 0 0 0 0 3 1 2 0 23573 0 0 0 1 0 0 0 0 0 4 1 2 0 24020 0 0 0 1 0 0 0 0 0 5 1 2 0 24088 0 0 0 1 0 0 0 0 0 6 1 2 0 23740 0 0 0 1 0 0 0 0 0 7 1 2 0 23930 0 0 0 1 0 0 0 0 0 8 1 2 0 23747 0 0 0 1 0 0 0 0 0 9 1 2 0 24087 0 0 0 1 0 0 0 0 0 10 1 2 0 88797 0 0 0 1 0 0 0 0 0 11 1 2 0 16277 0 0 0 1 0 0 0 0 0 
2 1 2 0 31312 0 0 0 1 0 0 0 0 0 3 1 2 0 31971 0 0 0 1 0 0 0 0 0 4 1 2 0 32093 0 0 0 1 0 0 0 0 0 5 1 2 0 32307 0 0 0 1 0 0 0 0 0 6 1 2 0 32452 0 0 0 1 0 0 0 0 0 7 1 2 0 32201 0 0 0 1 0 0 0 0 0 8 1 2 0 32247 0 0 0 1 0 0 0 0 0 9 1 2 0 32716 0 0 0 1 0 0 0 0 0 10 1 2 0 119954 0 0 0 1 0 0 0 0 0 11 1 2 0 21643 0 0 0 1 0 0 0 0 0 
2 1 2 0 40221 0 0 0 1 0 0 0 0 0 3 1 2 0 40238 0 0 0 1 0 0 0 0 0 4 1 2 0 40922 0 0 0 1 0 0 0 0 0 5 1 2 0 40651 0 0 0 1 0 0 0 0 0 6 1 2 0 40969 0 0 0 1 0 0 0 0 0 7 1 2 0 40550 0 0 0 1 0 0 0 0 0 8 1 2 0 40613 0 0 0 1 0 0 0 0 0 9 1 2 0 41105 0 0 0 1 0 0 0 0 0 10 1 2 0 151839 0 0 0 1 0 0 0 0 0 11 1 2 0 27728 0 0 0 1 0 0 0 0 0 
2 1 2 0 49223 0 0 0 1 0 0 0 0 0 3 1 2 0 49467 0 0 0 1 0 0 0 0 0 4 1 2 0 49269 0 0 0 1 0 0 0 0 0 5 1 2 0 49502 0 0 0 1 0 0 0 0 0 6 1 2 0 49229 0 0 0 1 0 0 0 0 0 7 1 2 0 49204 0 0 0 1 0 0 0 0 0 8 1 2 0 49998 0 0 0 1 0 0 0 0 0 9 1 2 0 49963 0 0 0 1 0 0 0 0 0 10 1 2 0 184663 0 0 0 1 0 0 0 0 0 11 1 2 0 33937 0 0 0 1 0 0 0 0 0 
2 1 2 0 58506 0 0 0 1 0 0 0 0 0 3 1 2 0 58128 0 0 0 1 0 0 0 0 0 4 1 2 0 58491 0 0 0 1 0 0 0 0 0 5 1 2 0 58061 0 0 0 1 0 0 0 0 0 6 1 2 0 58687 0 0 0 1 0 0 0 0 0 7 1 2 0 58867 0 0 0 1 0 0 0 0 0 8 1 2 0 58862 0 0 0 1 0 0 0 0 0 9 1 2 0 59134 0 0 0 1 0 0 0 0 0 10 1 2 0 217470 0 0 0 1 0 0 0 0 0 11 1 2 0 40095 0 0 0 1 0 0 0 0 0 
2 1 2 0 67092 0 0 0 1 0 0 0 0 0 3 1 2 0 67278 0 0 0 1 0 0 0 0 0 4 1 2 0 66986 0 0 0 1 0 0 0 0 0 5 1 2 0 67183 0 0 0 1 0 0 0 0 0 6 1 2 0 66925 0 0 0 1 0 0 0 0 0 7 1 2 0 67675 0 0 0 1 0 0 0 0 0 8 1 2 0 67630 0 0 0 1 0 0 0 0 0 9 1 2 0 67853 0 0 0 1 0 0 0 0 0 10 1 2 0 250643 0 0 0 1 0 0 0 0 0 11 1 2 0 45902 0 0 0 1 0 0 0 0 0 
2 1 2 0 75882 0 0 0 1 0 0 0 0 0 3 1 2 0 76144 0 0 0 1 0 0 0 0 0 4 1 2 0 76370 0 0 0 1 0 0 0 0 0 5 1 2 0 75931 0 0 0 1 0 0 0 0 0 6 1 2 0 76200 0 0 0 1 0 0 0 0 0 7 1 2 0 76442 0 0 0 1 0 0 0 0 0 8 1 2 0 76577 0 0 0 1 0 0 0 0 0 9 1 2 0 76225 0 0 0 1 0 0 0 0 0 10 1 2 0 283055 0 0 0 1 0 0 0 0 0 11 1 2 0 52178 0 0 0 1 0 0 0 0 0 
2 1 2 0 84336 0 0 0 1 0 0 0 0 0 3 1 2 0 84701 0 0 0 1 0 0 0 0 0 4 1 2 0 84548 0 0 0 1 0 0 0 0 0 5 1 2 0 84658 0 0 0 1 0 0 0 0 0 6 1 2 0 85239 0 0 0 1 0 0 0 0 0 7 1 2 0 85203 0 0 0 1 0 0 0 0 0 8 1 2 0 85109 0 0 0 1 0 0 0 0 0 9 1 2 0 85207 0 0 0 1 0 0 0 0 0 10 1 2 0 316024 0 0 0 1 0 0 0 0 0 11 1 2 0 58189 0 0 0 1 0 0 0 0 0 
2 1 2 0 93372 0 0 0 1 0 0 0 0 0 3 1 2 0 92948 0 0 0 1 0 0 0 0 0 4 1 2 0 93303 0 0 0 1 0 0 0 0 0 5 1 2 0 93236 0 0 0 1 0 0 0 0 0 6 1 2 0 93733 0 0 0 1 0 0 0 0 0 7 1 2 0 93263 0 0 0 1 0 0 0 0 0 8 1 2 0 93530 0 0 0 1 0 0 0 0 0 9 1 2 0 93585 0 0 0 1 0 0 0 0 0 10 1 2 0 348055 0 0 0 1 0 0 0 0 0 11 1 2 0 64317 0 0 0 1 0 0 0 0 0 
2 1 2 0 0 0 0 0 1 0 0 0 0 0 3 1 2 0 0 0 0 0 1 0 0 0 0 0 4 1 2 0 0 0 0 0 1 0 0 0 0 0 5 1 2 0 0 0 0 0 1 0 0 0 0 0 6 1 2 0 0 0 0 0 1 0 0 0 0 0 7 1 2 0 0 0 0 0 1 0 0 0 0 0 8 1 2 0 0 0 0 0 1 0 0 0 0 0 9 1 2 0 0 0 0 0 1 0 0 0 0 0 10 1 2 0 0 0 0 0 1 0 0 0 0 0 11 1 2 0 0 0 0 0 1 0 0 0 0 0 
